Time: 0
Waiting tasks: (29,4,5)(34,4,8)(4,5,5)(28,6,4)(33,6,8)(2,7,4)(9,7,4)(25,8,5)(8,9,5)(24,9,6)(32,10,7)(5,13,5)(16,13,7)(17,13,8)(26,13,8)(11,15,6)(20,15,4)(31,15,8)(19,16,4)(27,16,4)(0,17,5)(7,17,6)(12,17,6)(13,18,8)(21,18,6)(6,19,6)(15,21,5)(10,23,8)(23,23,7)(14,24,5)(3,25,6)(22,29,8)(30,30,5)(1,31,6)(18,31,4)
Queue: 0 clients: closed
Queue: 1 clients: closed
Queue: 2 clients: closed
Queue: 3 clients: closed
-------------------------
Time: 1
Waiting tasks: (29,4,5)(34,4,8)(4,5,5)(28,6,4)(33,6,8)(2,7,4)(9,7,4)(25,8,5)(8,9,5)(24,9,6)(32,10,7)(5,13,5)(16,13,7)(17,13,8)(26,13,8)(11,15,6)(20,15,4)(31,15,8)(19,16,4)(27,16,4)(0,17,5)(7,17,6)(12,17,6)(13,18,8)(21,18,6)(6,19,6)(15,21,5)(10,23,8)(23,23,7)(14,24,5)(3,25,6)(22,29,8)(30,30,5)(1,31,6)(18,31,4)
Queue: 0 clients: closed
Queue: 1 clients: closed
Queue: 2 clients: closed
Queue: 3 clients: closed
-------------------------
Time: 2
Waiting tasks: (29,4,5)(34,4,8)(4,5,5)(28,6,4)(33,6,8)(2,7,4)(9,7,4)(25,8,5)(8,9,5)(24,9,6)(32,10,7)(5,13,5)(16,13,7)(17,13,8)(26,13,8)(11,15,6)(20,15,4)(31,15,8)(19,16,4)(27,16,4)(0,17,5)(7,17,6)(12,17,6)(13,18,8)(21,18,6)(6,19,6)(15,21,5)(10,23,8)(23,23,7)(14,24,5)(3,25,6)(22,29,8)(30,30,5)(1,31,6)(18,31,4)
Queue: 0 clients: closed
Queue: 1 clients: closed
Queue: 2 clients: closed
Queue: 3 clients: closed
-------------------------
Time: 3
Waiting tasks: (29,4,5)(34,4,8)(4,5,5)(28,6,4)(33,6,8)(2,7,4)(9,7,4)(25,8,5)(8,9,5)(24,9,6)(32,10,7)(5,13,5)(16,13,7)(17,13,8)(26,13,8)(11,15,6)(20,15,4)(31,15,8)(19,16,4)(27,16,4)(0,17,5)(7,17,6)(12,17,6)(13,18,8)(21,18,6)(6,19,6)(15,21,5)(10,23,8)(23,23,7)(14,24,5)(3,25,6)(22,29,8)(30,30,5)(1,31,6)(18,31,4)
Queue: 0 clients: closed
Queue: 1 clients: closed
Queue: 2 clients: closed
Queue: 3 clients: closed
-------------------------
Time: 4
Waiting tasks: (4,5,5)(28,6,4)(33,6,8)(2,7,4)(9,7,4)(25,8,5)(8,9,5)(24,9,6)(32,10,7)(5,13,5)(16,13,7)(17,13,8)(26,13,8)(11,15,6)(20,15,4)(31,15,8)(19,16,4)(27,16,4)(0,17,5)(7,17,6)(12,17,6)(13,18,8)(21,18,6)(6,19,6)(15,21,5)(10,23,8)(23,23,7)(14,24,5)(3,25,6)(22,29,8)(30,30,5)(1,31,6)(18,31,4)
Queue: 0 clients: (29,4,5)
Queue: 1 clients: (34,4,8)
Queue: 2 clients: closed
Queue: 3 clients: closed
-------------------------
Time: 5
Waiting tasks: (28,6,4)(33,6,8)(2,7,4)(9,7,4)(25,8,5)(8,9,5)(24,9,6)(32,10,7)(5,13,5)(16,13,7)(17,13,8)(26,13,8)(11,15,6)(20,15,4)(31,15,8)(19,16,4)(27,16,4)(0,17,5)(7,17,6)(12,17,6)(13,18,8)(21,18,6)(6,19,6)(15,21,5)(10,23,8)(23,23,7)(14,24,5)(3,25,6)(22,29,8)(30,30,5)(1,31,6)(18,31,4)
Queue: 0 clients: (29,4,4)
Queue: 1 clients: (34,4,7)
Queue: 2 clients: (4,5,5)
Queue: 3 clients: closed
-------------------------
Time: 6
Waiting tasks: (2,7,4)(9,7,4)(25,8,5)(8,9,5)(24,9,6)(32,10,7)(5,13,5)(16,13,7)(17,13,8)(26,13,8)(11,15,6)(20,15,4)(31,15,8)(19,16,4)(27,16,4)(0,17,5)(7,17,6)(12,17,6)(13,18,8)(21,18,6)(6,19,6)(15,21,5)(10,23,8)(23,23,7)(14,24,5)(3,25,6)(22,29,8)(30,30,5)(1,31,6)(18,31,4)
Queue: 0 clients: (29,4,3)(33,6,8)
Queue: 1 clients: (34,4,6)
Queue: 2 clients: (4,5,4)
Queue: 3 clients: (28,6,4)
-------------------------
Time: 7
Waiting tasks: (25,8,5)(8,9,5)(24,9,6)(32,10,7)(5,13,5)(16,13,7)(17,13,8)(26,13,8)(11,15,6)(20,15,4)(31,15,8)(19,16,4)(27,16,4)(0,17,5)(7,17,6)(12,17,6)(13,18,8)(21,18,6)(6,19,6)(15,21,5)(10,23,8)(23,23,7)(14,24,5)(3,25,6)(22,29,8)(30,30,5)(1,31,6)(18,31,4)
Queue: 0 clients: (29,4,2)(33,6,8)
Queue: 1 clients: (34,4,5)
Queue: 2 clients: (4,5,3)(2,7,4)
Queue: 3 clients: (28,6,3)(9,7,4)
-------------------------
Time: 8
Waiting tasks: (8,9,5)(24,9,6)(32,10,7)(5,13,5)(16,13,7)(17,13,8)(26,13,8)(11,15,6)(20,15,4)(31,15,8)(19,16,4)(27,16,4)(0,17,5)(7,17,6)(12,17,6)(13,18,8)(21,18,6)(6,19,6)(15,21,5)(10,23,8)(23,23,7)(14,24,5)(3,25,6)(22,29,8)(30,30,5)(1,31,6)(18,31,4)
Queue: 0 clients: (29,4,1)(33,6,8)
Queue: 1 clients: (34,4,4)(25,8,5)
Queue: 2 clients: (4,5,2)(2,7,4)
Queue: 3 clients: (28,6,2)(9,7,4)
-------------------------
Time: 9
Waiting tasks: (32,10,7)(5,13,5)(16,13,7)(17,13,8)(26,13,8)(11,15,6)(20,15,4)(31,15,8)(19,16,4)(27,16,4)(0,17,5)(7,17,6)(12,17,6)(13,18,8)(21,18,6)(6,19,6)(15,21,5)(10,23,8)(23,23,7)(14,24,5)(3,25,6)(22,29,8)(30,30,5)(1,31,6)(18,31,4)
Queue: 0 clients: (33,6,8)
Queue: 1 clients: (34,4,3)(25,8,5)
Queue: 2 clients: (4,5,1)(2,7,4)(8,9,5)
Queue: 3 clients: (28,6,1)(9,7,4)(24,9,6)
-------------------------
Time: 10
Waiting tasks: (5,13,5)(16,13,7)(17,13,8)(26,13,8)(11,15,6)(20,15,4)(31,15,8)(19,16,4)(27,16,4)(0,17,5)(7,17,6)(12,17,6)(13,18,8)(21,18,6)(6,19,6)(15,21,5)(10,23,8)(23,23,7)(14,24,5)(3,25,6)(22,29,8)(30,30,5)(1,31,6)(18,31,4)
Queue: 0 clients: (33,6,7)(32,10,7)
Queue: 1 clients: (34,4,2)(25,8,5)
Queue: 2 clients: (2,7,4)(8,9,5)
Queue: 3 clients: (9,7,4)(24,9,6)
-------------------------
Time: 11
Waiting tasks: (5,13,5)(16,13,7)(17,13,8)(26,13,8)(11,15,6)(20,15,4)(31,15,8)(19,16,4)(27,16,4)(0,17,5)(7,17,6)(12,17,6)(13,18,8)(21,18,6)(6,19,6)(15,21,5)(10,23,8)(23,23,7)(14,24,5)(3,25,6)(22,29,8)(30,30,5)(1,31,6)(18,31,4)
Queue: 0 clients: (33,6,6)(32,10,7)
Queue: 1 clients: (34,4,1)(25,8,5)
Queue: 2 clients: (2,7,3)(8,9,5)
Queue: 3 clients: (9,7,3)(24,9,6)
-------------------------
Time: 12
Waiting tasks: (5,13,5)(16,13,7)(17,13,8)(26,13,8)(11,15,6)(20,15,4)(31,15,8)(19,16,4)(27,16,4)(0,17,5)(7,17,6)(12,17,6)(13,18,8)(21,18,6)(6,19,6)(15,21,5)(10,23,8)(23,23,7)(14,24,5)(3,25,6)(22,29,8)(30,30,5)(1,31,6)(18,31,4)
Queue: 0 clients: (33,6,5)(32,10,7)
Queue: 1 clients: (25,8,5)
Queue: 2 clients: (2,7,2)(8,9,5)
Queue: 3 clients: (9,7,2)(24,9,6)
-------------------------
Time: 13
Waiting tasks: (11,15,6)(20,15,4)(31,15,8)(19,16,4)(27,16,4)(0,17,5)(7,17,6)(12,17,6)(13,18,8)(21,18,6)(6,19,6)(15,21,5)(10,23,8)(23,23,7)(14,24,5)(3,25,6)(22,29,8)(30,30,5)(1,31,6)(18,31,4)
Queue: 0 clients: (33,6,4)(32,10,7)
Queue: 1 clients: (25,8,4)(5,13,5)(26,13,8)
Queue: 2 clients: (2,7,1)(8,9,5)(16,13,7)
Queue: 3 clients: (9,7,1)(24,9,6)(17,13,8)
-------------------------
Time: 14
Waiting tasks: (11,15,6)(20,15,4)(31,15,8)(19,16,4)(27,16,4)(0,17,5)(7,17,6)(12,17,6)(13,18,8)(21,18,6)(6,19,6)(15,21,5)(10,23,8)(23,23,7)(14,24,5)(3,25,6)(22,29,8)(30,30,5)(1,31,6)(18,31,4)
Queue: 0 clients: (33,6,3)(32,10,7)
Queue: 1 clients: (25,8,3)(5,13,5)(26,13,8)
Queue: 2 clients: (8,9,5)(16,13,7)
Queue: 3 clients: (24,9,6)(17,13,8)
-------------------------
Time: 15
Waiting tasks: (19,16,4)(27,16,4)(0,17,5)(7,17,6)(12,17,6)(13,18,8)(21,18,6)(6,19,6)(15,21,5)(10,23,8)(23,23,7)(14,24,5)(3,25,6)(22,29,8)(30,30,5)(1,31,6)(18,31,4)
Queue: 0 clients: (33,6,2)(32,10,7)(11,15,6)
Queue: 1 clients: (25,8,2)(5,13,5)(26,13,8)
Queue: 2 clients: (8,9,4)(16,13,7)(20,15,4)
Queue: 3 clients: (24,9,5)(17,13,8)(31,15,8)
-------------------------
Time: 16
Waiting tasks: (0,17,5)(7,17,6)(12,17,6)(13,18,8)(21,18,6)(6,19,6)(15,21,5)(10,23,8)(23,23,7)(14,24,5)(3,25,6)(22,29,8)(30,30,5)(1,31,6)(18,31,4)
Queue: 0 clients: (33,6,1)(32,10,7)(11,15,6)(19,16,4)
Queue: 1 clients: (25,8,1)(5,13,5)(26,13,8)(27,16,4)
Queue: 2 clients: (8,9,3)(16,13,7)(20,15,4)
Queue: 3 clients: (24,9,4)(17,13,8)(31,15,8)
-------------------------
Time: 17
Waiting tasks: (13,18,8)(21,18,6)(6,19,6)(15,21,5)(10,23,8)(23,23,7)(14,24,5)(3,25,6)(22,29,8)(30,30,5)(1,31,6)(18,31,4)
Queue: 0 clients: (32,10,7)(11,15,6)(19,16,4)(7,17,6)
Queue: 1 clients: (5,13,5)(26,13,8)(27,16,4)(12,17,6)
Queue: 2 clients: (8,9,2)(16,13,7)(20,15,4)(0,17,5)
Queue: 3 clients: (24,9,3)(17,13,8)(31,15,8)
-------------------------
Time: 18
Waiting tasks: (6,19,6)(15,21,5)(10,23,8)(23,23,7)(14,24,5)(3,25,6)(22,29,8)(30,30,5)(1,31,6)(18,31,4)
Queue: 0 clients: (32,10,6)(11,15,6)(19,16,4)(7,17,6)
Queue: 1 clients: (5,13,4)(26,13,8)(27,16,4)(12,17,6)
Queue: 2 clients: (8,9,1)(16,13,7)(20,15,4)(0,17,5)(13,18,8)
Queue: 3 clients: (24,9,2)(17,13,8)(31,15,8)(21,18,6)
-------------------------
Time: 19
Waiting tasks: (15,21,5)(10,23,8)(23,23,7)(14,24,5)(3,25,6)(22,29,8)(30,30,5)(1,31,6)(18,31,4)
Queue: 0 clients: (32,10,5)(11,15,6)(19,16,4)(7,17,6)(6,19,6)
Queue: 1 clients: (5,13,3)(26,13,8)(27,16,4)(12,17,6)
Queue: 2 clients: (16,13,7)(20,15,4)(0,17,5)(13,18,8)
Queue: 3 clients: (24,9,1)(17,13,8)(31,15,8)(21,18,6)
-------------------------
Time: 20
Waiting tasks: (15,21,5)(10,23,8)(23,23,7)(14,24,5)(3,25,6)(22,29,8)(30,30,5)(1,31,6)(18,31,4)
Queue: 0 clients: (32,10,4)(11,15,6)(19,16,4)(7,17,6)(6,19,6)
Queue: 1 clients: (5,13,2)(26,13,8)(27,16,4)(12,17,6)
Queue: 2 clients: (16,13,6)(20,15,4)(0,17,5)(13,18,8)
Queue: 3 clients: (17,13,8)(31,15,8)(21,18,6)
-------------------------
Time: 21
Waiting tasks: (10,23,8)(23,23,7)(14,24,5)(3,25,6)(22,29,8)(30,30,5)(1,31,6)(18,31,4)
Queue: 0 clients: (32,10,3)(11,15,6)(19,16,4)(7,17,6)(6,19,6)
Queue: 1 clients: (5,13,1)(26,13,8)(27,16,4)(12,17,6)(15,21,5)
Queue: 2 clients: (16,13,5)(20,15,4)(0,17,5)(13,18,8)
Queue: 3 clients: (17,13,7)(31,15,8)(21,18,6)
-------------------------
Time: 22
Waiting tasks: (10,23,8)(23,23,7)(14,24,5)(3,25,6)(22,29,8)(30,30,5)(1,31,6)(18,31,4)
Queue: 0 clients: (32,10,2)(11,15,6)(19,16,4)(7,17,6)(6,19,6)
Queue: 1 clients: (26,13,8)(27,16,4)(12,17,6)(15,21,5)
Queue: 2 clients: (16,13,4)(20,15,4)(0,17,5)(13,18,8)
Queue: 3 clients: (17,13,6)(31,15,8)(21,18,6)
-------------------------
Time: 23
Waiting tasks: (14,24,5)(3,25,6)(22,29,8)(30,30,5)(1,31,6)(18,31,4)
Queue: 0 clients: (32,10,1)(11,15,6)(19,16,4)(7,17,6)(6,19,6)
Queue: 1 clients: (26,13,7)(27,16,4)(12,17,6)(15,21,5)
Queue: 2 clients: (16,13,3)(20,15,4)(0,17,5)(13,18,8)(23,23,7)
Queue: 3 clients: (17,13,5)(31,15,8)(21,18,6)(10,23,8)
-------------------------
Time: 24
Waiting tasks: (3,25,6)(22,29,8)(30,30,5)(1,31,6)(18,31,4)
Queue: 0 clients: (11,15,6)(19,16,4)(7,17,6)(6,19,6)
Queue: 1 clients: (26,13,6)(27,16,4)(12,17,6)(15,21,5)(14,24,5)
Queue: 2 clients: (16,13,2)(20,15,4)(0,17,5)(13,18,8)(23,23,7)
Queue: 3 clients: (17,13,4)(31,15,8)(21,18,6)(10,23,8)
-------------------------
Time: 25
Waiting tasks: (22,29,8)(30,30,5)(1,31,6)(18,31,4)
Queue: 0 clients: (11,15,5)(19,16,4)(7,17,6)(6,19,6)(3,25,6)
Queue: 1 clients: (26,13,5)(27,16,4)(12,17,6)(15,21,5)(14,24,5)
Queue: 2 clients: (16,13,1)(20,15,4)(0,17,5)(13,18,8)(23,23,7)
Queue: 3 clients: (17,13,3)(31,15,8)(21,18,6)(10,23,8)
-------------------------
Time: 26
Waiting tasks: (22,29,8)(30,30,5)(1,31,6)(18,31,4)
Queue: 0 clients: (11,15,4)(19,16,4)(7,17,6)(6,19,6)(3,25,6)
Queue: 1 clients: (26,13,4)(27,16,4)(12,17,6)(15,21,5)(14,24,5)
Queue: 2 clients: (20,15,4)(0,17,5)(13,18,8)(23,23,7)
Queue: 3 clients: (17,13,2)(31,15,8)(21,18,6)(10,23,8)
-------------------------
Time: 27
Waiting tasks: (22,29,8)(30,30,5)(1,31,6)(18,31,4)
Queue: 0 clients: (11,15,3)(19,16,4)(7,17,6)(6,19,6)(3,25,6)
Queue: 1 clients: (26,13,3)(27,16,4)(12,17,6)(15,21,5)(14,24,5)
Queue: 2 clients: (20,15,3)(0,17,5)(13,18,8)(23,23,7)
Queue: 3 clients: (17,13,1)(31,15,8)(21,18,6)(10,23,8)
-------------------------
Time: 28
Waiting tasks: (22,29,8)(30,30,5)(1,31,6)(18,31,4)
Queue: 0 clients: (11,15,2)(19,16,4)(7,17,6)(6,19,6)(3,25,6)
Queue: 1 clients: (26,13,2)(27,16,4)(12,17,6)(15,21,5)(14,24,5)
Queue: 2 clients: (20,15,2)(0,17,5)(13,18,8)(23,23,7)
Queue: 3 clients: (31,15,8)(21,18,6)(10,23,8)
-------------------------
Time: 29
Waiting tasks: (30,30,5)(1,31,6)(18,31,4)
Queue: 0 clients: (19,16,4)(7,17,6)(6,19,6)(3,25,6)
Queue: 1 clients: (27,16,4)(12,17,6)(15,21,5)(14,24,5)(22,29,8)
Queue: 2 clients: (20,15,1)(0,17,5)(13,18,8)(23,23,7)
Queue: 3 clients: (31,15,7)(21,18,6)(10,23,8)
-------------------------
Time: 30
Waiting tasks: (1,31,6)(18,31,4)
Queue: 0 clients: (19,16,3)(7,17,6)(6,19,6)(3,25,6)
Queue: 1 clients: (27,16,3)(12,17,6)(15,21,5)(14,24,5)(22,29,8)
Queue: 2 clients: (0,17,4)(13,18,8)(23,23,7)(30,30,5)
Queue: 3 clients: (31,15,6)(21,18,6)(10,23,8)
-------------------------
Time: 31
Waiting tasks: 
Queue: 0 clients: (19,16,2)(7,17,6)(6,19,6)(3,25,6)(18,31,4)
Queue: 1 clients: (27,16,2)(12,17,6)(15,21,5)(14,24,5)(22,29,8)
Queue: 2 clients: (0,17,3)(13,18,8)(23,23,7)(30,30,5)
Queue: 3 clients: (31,15,4)(21,18,6)(10,23,8)(1,31,6)
-------------------------
Time: 32
Waiting tasks: 
Queue: 0 clients: (19,16,1)(7,17,6)(6,19,6)(3,25,6)(18,31,4)
Queue: 1 clients: (27,16,1)(12,17,6)(15,21,5)(14,24,5)(22,29,8)
Queue: 2 clients: (0,17,2)(13,18,8)(23,23,7)(30,30,5)
Queue: 3 clients: (31,15,3)(21,18,6)(10,23,8)(1,31,6)
-------------------------
Time: 33
Waiting tasks: 
Queue: 0 clients: (7,17,6)(6,19,6)(3,25,6)(18,31,4)
Queue: 1 clients: (12,17,6)(15,21,5)(14,24,5)(22,29,8)
Queue: 2 clients: (0,17,1)(13,18,8)(23,23,7)(30,30,5)
Queue: 3 clients: (31,15,2)(21,18,6)(10,23,8)(1,31,6)
-------------------------
Time: 34
Waiting tasks: 
Queue: 0 clients: (7,17,5)(6,19,6)(3,25,6)(18,31,4)
Queue: 1 clients: (12,17,5)(15,21,5)(14,24,5)(22,29,8)
Queue: 2 clients: (13,18,8)(23,23,7)(30,30,5)
Queue: 3 clients: (31,15,1)(21,18,6)(10,23,8)(1,31,6)
-------------------------
Time: 35
Waiting tasks: 
Queue: 0 clients: (7,17,4)(6,19,6)(3,25,6)(18,31,4)
Queue: 1 clients: (12,17,4)(15,21,5)(14,24,5)(22,29,8)
Queue: 2 clients: (13,18,7)(23,23,7)(30,30,5)
Queue: 3 clients: (21,18,6)(10,23,8)(1,31,6)
-------------------------
